[222.0, 285.0, 467.41400916277905]
[222.0, 285.0, 379.2475663985447]
[295.0, 252.0, 477.5605488527567]
[232.0, 295.0, 484.57860976300003]
[257.0, 241.0, 389.21338024262, 504.5111036136834]
[222.0, 285.0, 321.9536375332483, 458.92391362763556]
[304.0, 268.0, 316.3338870172536]
[295.0, 252.0, 403.7885914843805]
[222.0, 285.0, 377.51708815379425]
[288.0, 299.0, 468.83586714661874]
[281.0, 242.0, 391.52523345413897]
[222.0, 285.0, 393.80122850446844]
[291.0, 249.0, 255.00620461684213]
[300.0, 258.0, 430.3525561384215]
[295.0, 295.0, 408.39386815451894]
[232.0, 295.0, 301.18948024762983]
[257.0, 241.0, 389.21338024262, 504.5111036136834]
[232.0, 295.0, 344.2866326656964]
[222.0, 285.0, 321.9536375332483, 458.92391362763556]
[295.0, 295.0, 399.6448465899334]
[257.0, 241.0, 264.7514669435311]
[300.0, 258.0, 480.90642785716864]
[257.0, 241.0, 256.34833571808554]
[222.0, 285.0, 491.22437529652296]
[222.0, 285.0, 268.7736480234554]
[291.0, 249.0, 409.11073951353416]
[291.0, 249.0, 488.0968982937676]
[305.0, 285.0, 322.24192919880295]
[232.0, 295.0, 349.9088321146877]
[295.0, 295.0, 346.30018975948894]
[307.14285714285717, 254.57142857142858, 330.99568497645214]
[216.28571428571428, 290.7142857142857, 368.53476812950817]
[291.57142857142856, 308.57142857142856, 337.7010218642881]
[258.85714285714283, 230.42857142857142, 290.94757983840657]
[311.57142857142856, 286.42857142857144, 301.8810886937208]
[299.14285714285717, 239.85714285714286, 331.7879078358998]
[310.2857142857143, 267.2857142857143, 453.14556184137996]
[303.2857142857143, 246.57142857142858, 409.73694574727426]
[291.2857142857143, 308.57142857142856, 476.78990961868715, 295.2806571719741]
[296.0, 306.14285714285717, 253.60632640245143]
[256.14285714285717, 230.14285714285714, 320.5695596563613]
[216.42857142857142, 291.0, 355.13892736315364]
[227.28571428571428, 237.0, 317.8747584801038]
[217.42857142857142, 293.2857142857143, 275.50895560218083]
[247.42857142857142, 231.71428571428572, 390.74161221872424]
[301.42857142857144, 303.0, 395.90131122520586]
[303.42857142857144, 244.28571428571428, 482.8967709770451]
[235.0, 234.42857142857142, 345.3937984407154]
[302.7142857142857, 300.7142857142857, 255.28316235980876]
[299.42857142857144, 240.28571428571428, 317.0764544296103]
[291.2857142857143, 308.57142857142856, 476.78990961868715, 295.2806571719741]
[302.57142857142856, 301.85714285714283, 502.28586719378615]
[217.57142857142858, 293.57142857142856, 258.61286521976865]
[311.7142857142857, 286.57142857142856, 324.150089998803]
[304.0, 248.71428571428572, 444.49263091101295, 322.7332914586169]
[258.0, 230.28571428571428, 277.5515862418831]
[282.0, 230.71428571428572, 313.6281822295611]
[304.0, 248.71428571428572, 444.49263091101295, 322.7332914586169]
[258.57142857142856, 312.2857142857143, 250.93519778943875]
[290.14285714285717, 233.0, 399.7874499919324]
[299.7142857142857, 315.57142857142856, 475.45158087624]
[299.2857142857143, 224.28571428571428, 430.33305673946245]
[309.85714285714283, 309.2857142857143, 476.95313045661123]
[299.2857142857143, 224.0, 254.93570296316716, 318.0290635601651]
[299.2857142857143, 224.0, 254.93570296316716, 318.0290635601651]
[308.7142857142857, 233.57142857142858, 318.7194425981214]
[311.57142857142856, 236.28571428571428, 407.2954857073032]
[295.2857142857143, 221.14285714285714, 335.0334254688304]
[307.57142857142856, 231.28571428571428, 381.73055121563834, 443.8343517822976]
[318.14285714285717, 285.57142857142856, 356.8760026571716]
[317.57142857142856, 272.2857142857143, 425.1324453061771]
[297.7142857142857, 316.85714285714283, 476.3520007829361]
[210.85714285714286, 296.7142857142857, 474.8127657567063]
[212.57142857142858, 301.0, 330.933476298127]
[211.71428571428572, 299.57142857142856, 262.4144273480746]
[227.14285714285714, 312.42857142857144, 271.90578559102687, 363.58359770159154]
[232.28571428571428, 222.57142857142858, 270.418344755042]
[211.71428571428572, 299.85714285714283, 344.99214277704016]
[307.57142857142856, 231.28571428571428, 381.73055121563834, 443.8343517822976]
[308.14285714285717, 232.14285714285714, 443.09604346554556]
[299.85714285714283, 225.14285714285714, 484.81722331397054]
[311.85714285714283, 236.57142857142858, 393.75218710450514]
[208.42857142857142, 262.2857142857143, 502.9729756797543]
[310.42857142857144, 307.85714285714283, 490.16265309449574]
[228.0, 312.7142857142857, 504.9943951925485]
[308.14285714285717, 310.7142857142857, 494.4602714508843]
[227.14285714285714, 312.42857142857144, 271.90578559102687, 363.58359770159154]
[216.57142857142858, 226.42857142857144, 271.5821828561668]
[212.85714285714286, 301.85714285714283, 493.3707952690786]
[309.2857142857143, 310.14285714285717, 288.43353271232087]
[205.28571428571428, 302.57142857142856, 360.4254272529754]
[314.7142857142857, 318.57142857142856, 437.0637213252118]
[223.42857142857142, 320.2857142857143, 341.6128059231949, 481.4477226057562]
[304.14285714285717, 211.14285714285714, 314.4519557582994]
[321.42857142857144, 247.71428571428572, 262.00047267577963]
[322.85714285714283, 265.85714285714283, 485.7908337258484]
[324.2857142857143, 272.85714285714283, 276.2152623930772]
[321.0, 248.14285714285714, 434.541501886274]
[316.2857142857143, 222.85714285714286, 387.7457924800922]
[319.14285714285717, 243.14285714285714, 469.71276940712465]
[319.57142857142856, 240.57142857142858, 312.5208647860097, 330.1983646977898, 371.25201253444396]
[319.85714285714283, 228.42857142857144, 471.3180934716461]
[206.57142857142858, 306.85714285714283, 463.5479590462801, 310.3462185384293]
[324.2857142857143, 304.7142857142857, 489.4290511250897, 361.4495835624433]
[316.85714285714283, 316.85714285714283, 296.84755536788214]
[206.14285714285714, 306.42857142857144, 404.70225826904243]
[223.42857142857142, 320.2857142857143, 341.6128059231949, 481.4477226057562]
[319.57142857142856, 240.57142857142858, 312.5208647860097, 330.1983646977898, 371.25201253444396]
[254.85714285714286, 208.85714285714286, 359.1368891422751]
[319.57142857142856, 240.57142857142858, 312.5208647860097, 330.1983646977898, 371.25201253444396]
[264.7142857142857, 329.2857142857143, 349.3903123194408]
[205.71428571428572, 303.42857142857144, 450.1318483689136]
[244.71428571428572, 209.57142857142858, 406.8938735046278]
[207.85714285714286, 309.42857142857144, 352.7961944666696]
[302.7142857142857, 325.7142857142857, 411.96795812086845]
[319.85714285714283, 233.57142857142858, 427.55987925594457]
[324.2857142857143, 304.7142857142857, 489.4290511250897, 361.4495835624433]
[221.28571428571428, 319.42857142857144, 278.71756228179026]
[260.0, 208.85714285714286, 284.749769258809]
[206.57142857142858, 306.85714285714283, 463.5479590462801, 310.3462185384293]
[328.57142857142856, 244.28571428571428, 427.0476928497818]
[209.14285714285714, 324.14285714285717, 499.22199884543363]
[221.71428571428572, 329.2857142857143, 363.84561506964496]
[269.57142857142856, 199.85714285714286, 258.87624071660827]
[325.2857142857143, 321.2857142857143, 405.0865759246011]
[216.28571428571428, 201.57142857142858, 282.21615399038944]
[199.71428571428572, 308.42857142857144, 418.94303381297004]
[330.7142857142857, 273.14285714285717, 359.2181678577919]
[321.2857142857143, 326.42857142857144, 412.92206188343886]
[331.2857142857143, 286.14285714285717, 264.9354391575778]
[314.0, 330.57142857142856, 364.87441092979526]
[200.28571428571428, 309.57142857142856, 481.02557148222616]
[212.0, 325.85714285714283, 460.47323119989244]
[324.7142857142857, 323.57142857142856, 300.22637922959143, 258.420649635128]
[324.1428571428571, 213.0, 333.09219182069546]
[327.57142857142856, 230.85714285714286, 443.7483054054912]
[213.42857142857144, 202.71428571428572, 479.7107147499499]
[312.42857142857144, 200.85714285714286, 456.0579268644081]
[325.85714285714283, 317.85714285714283, 477.8190962915394]
[201.42857142857144, 217.14285714285714, 321.23556304222]
[197.85714285714286, 258.57142857142856, 331.9545401914522]
[302.42857142857144, 337.2857142857143, 497.5058426777472]
[204.28571428571428, 319.2857142857143, 422.79802878795454]
[311.85714285714283, 200.85714285714286, 435.39402385416054, 434.2904346379885]
[221.14285714285714, 329.2857142857143, 252.45480600940542]
[311.85714285714283, 200.85714285714286, 435.39402385416054, 434.2904346379885]
[324.7142857142857, 323.57142857142856, 300.22637922959143, 258.420649635128]
[226.57142857142858, 199.14285714285714, 402.0161725479803]
[309.42857142857144, 333.7142857142857, 431.3005186107758]
[215.42857142857144, 327.0, 372.24139688345]
[195.0, 193.28571428571428, 332.3802173121354]
[338.57142857142856, 292.85714285714283, 397.4262443552012, 460.6211771523236]
[223.0, 188.14285714285717, 432.6937922568461]
[199.85714285714286, 327.85714285714283, 381.7826626224677]
[337.85714285714283, 292.14285714285717, 429.21781366326064]
[193.42857142857144, 313.57142857142856, 435.924465732247, 341.2053139788253]
[315.2857142857143, 342.1428571428571, 503.61594795342774]
[330.0, 332.85714285714283, 377.092173809534]
[217.0, 337.1428571428571, 280.76844571121495]
[195.28571428571428, 208.42857142857144, 486.5549075298685]
[210.57142857142858, 334.2857142857143, 473.26147782242987]
[231.42857142857144, 342.57142857142856, 404.86504398794136]
[319.57142857142856, 190.57142857142858, 288.65290710362444]
[332.1428571428571, 330.7142857142857, 298.6890286617927]
[336.42857142857144, 272.7142857142857, 472.59892960941886, 294.95409704947565]
[204.14285714285714, 332.1428571428571, 374.2868331187622, 256.850660967008]
[328.1428571428571, 199.14285714285714, 294.40002062574786]
[337.1428571428571, 317.85714285714283, 251.00741539865345]
[336.42857142857144, 272.7142857142857, 472.59892960941886, 294.95409704947565]
[222.0, 339.2857142857143, 483.9643127742933]
[199.14285714285714, 326.42857142857144, 368.60115041907807]
[336.1428571428571, 265.14285714285717, 461.05493922551]
[193.42857142857144, 313.57142857142856, 435.924465732247, 341.2053139788253]
[226.71428571428572, 340.57142857142856, 451.3599000896862]
[308.2857142857143, 345.85714285714283, 362.0658388866924]
[193.42857142857144, 309.2857142857143, 281.73881791625917]
[210.0, 190.42857142857144, 382.5484111534191]
[338.57142857142856, 292.85714285714283, 397.4262443552012, 460.6211771523236]
[318.0, 340.42857142857144, 492.22121791846735]
[204.14285714285714, 332.1428571428571, 374.2868331187622, 256.850660967008]
[344.0, 227.28571428571428, 443.0162600417658]
[341.7142857142857, 263.7142857142857, 260.14573271372944]
[328.1428571428571, 180.28571428571428, 447.8873664003338]
[334.42857142857144, 342.1428571428571, 311.3384224291177]
[323.85714285714283, 179.42857142857144, 311.7766031232071, 459.02332673597164]
[228.85714285714286, 350.42857142857144, 426.8376341935741]
[339.57142857142856, 337.0, 280.97926478683667]
[343.2857142857143, 201.85714285714286, 432.31566673840223]
[345.2857142857143, 317.57142857142856, 443.6951699603472]
[337.57142857142856, 190.57142857142858, 314.6801255125125]
[326.85714285714283, 346.85714285714283, 306.13764729667747]
[187.28571428571428, 254.85714285714286, 464.12787644607954]
[323.85714285714283, 179.42857142857144, 311.7766031232071, 459.02332673597164]
[187.42857142857144, 198.0, 293.0345179051938]
[194.57142857142858, 334.7142857142857, 503.43446969174704]
[206.28571428571428, 342.1428571428571, 358.4497992198344]
[337.85714285714283, 340.42857142857144, 405.5657634847063]
[323.1428571428571, 348.7142857142857, 431.447992890289]
[340.7142857142857, 195.0, 436.27631008067203]
[342.7142857142857, 272.85714285714283, 358.0014976369751]
[335.2857142857143, 342.1428571428571, 443.18202420291846]
[220.85714285714286, 175.71428571428572, 437.2567709702647]
[344.7142857142857, 219.42857142857144, 492.30991551723264]
[219.14285714285714, 348.1428571428571, 457.7889117777593]
[342.85714285714283, 237.42857142857144, 443.2449874369794]
[239.57142857142858, 352.2857142857143, 346.4482186770564]
[321.1428571428571, 350.57142857142856, 422.2889438045096]
[199.14285714285714, 179.57142857142856, 476.415251199016]
[338.7142857142857, 339.57142857142856, 465.49949640855925]
[323.0, 178.57142857142858, 400.91761065624524]